{
    "0": [
        0.956223,
        -0.170898,
        0.237554,
        1.275326,
        -0.292595,
        -0.544035,
        0.786393,
        2.834272,
        -0.005155,
        -0.821474,
        -0.570223,
        1.3185,
        0.0,
        0.0,
        0.0,
        1.0
    ],
    "1": [
        0.956815,
        -0.170774,
        0.235249,
        1.276568,
        -0.290631,
        -0.544392,
        0.786875,
        2.833979,
        -0.00631,
        -0.821263,
        -0.570514,
        1.318089,
        0.0,
        0.0,
        0.0,
        1.0
    ],
    "2": [
        0.956857,
        -0.169845,
        0.235747,
        1.276382,
        -0.290511,
        -0.544648,
        0.786741,
        2.833935,
        -0.005224,
        -0.821286,
        -0.570492,
        1.317457,
        0.0,
        0.0,
        0.0,
        1.0
    ],
    "3": [
        0.956588,
        -0.169724,
        0.236925,
        1.27605,
        -0.291413,
        -0.54533,
        0.785935,
        2.834144,
        -0.00419,
        -0.820859,
        -0.571116,
        1.316524,
        0.0,
        0.0,
        0.0,
        1.0
    ],
    "4": [
        0.956511,
        -0.169195,
        0.237615,
        1.276076,
        -0.291683,
        -0.546399,
        0.785092,
        2.834318,
        -0.003001,
        -0.820257,
        -0.571988,
        1.31658,
        0.0,
        0.0,
        0.0,
        1.0
    ],
    "5": [
        0.956257,
        -0.167221,
        0.24002,
        1.275125,
        -0.292528,
        -0.545803,
        0.785192,
        2.834368,
        -0.000297,
        -0.821058,
        -0.570845,
        1.315504,
        0.0,
        0.0,
        0.0,
        1.0
    ],
    "6": [
        0.956091,
        -0.16731,
        0.240617,
        1.276246,
        -0.293069,
        -0.545616,
        0.785121,
        2.834548,
        -7.4e-05,
        -0.821164,
        -0.570692,
        1.316219,
        0.0,
        0.0,
        0.0,
        1.0
    ],
    "7": [
        0.956049,
        -0.16752,
        0.240639,
        1.277582,
        -0.293206,
        -0.54549,
        0.785157,
        2.834457,
        -0.000263,
        -0.821205,
        -0.570633,
        1.317263,
        0.0,
        0.0,
        0.0,
        1.0
    ],
    "8": [
        0.956059,
        -0.167345,
        0.240723,
        1.277855,
        -0.293176,
        -0.545096,
        0.785442,
        2.834228,
        -0.000223,
        -0.821503,
        -0.570205,
        1.317368,
        0.0,
        0.0,
        0.0,
        1.0
    ],
    "9": [
        0.956011,
        -0.167954,
        0.240486,
        1.277841,
        -0.293328,
        -0.545359,
        0.785202,
        2.834386,
        -0.000727,
        -0.821203,
        -0.570635,
        1.31762,
        0.0,
        0.0,
        0.0,
        1.0
    ],
    "10": [
        0.958115,
        -0.1662,
        0.233225,
        1.288226,
        -0.286359,
        -0.545005,
        0.788015,
        2.831094,
        -0.00386,
        -0.821795,
        -0.56977,
        1.316319,
        0.0,
        0.0,
        0.0,
        1.0
    ],
    "11": [
        0.95811,
        -0.166269,
        0.233195,
        1.288422,
        -0.286371,
        -0.544471,
        0.78838,
        2.830848,
        -0.004115,
        -0.822135,
        -0.569278,
        1.315913,
        0.0,
        0.0,
        0.0,
        1.0
    ],
    "12": [
        0.957887,
        -0.167027,
        0.233568,
        1.28847,
        -0.287112,
        -0.544853,
        0.787847,
        2.831169,
        -0.004332,
        -0.821728,
        -0.569863,
        1.316098,
        0.0,
        0.0,
        0.0,
        1.0
    ],
    "13": [
        0.957723,
        -0.167857,
        0.233645,
        1.288818,
        -0.287645,
        -0.544327,
        0.788016,
        2.831042,
        -0.005095,
        -0.821908,
        -0.569598,
        1.31632,
        0.0,
        0.0,
        0.0,
        1.0
    ],
    "14": [
        0.957765,
        -0.167092,
        0.234021,
        1.288479,
        -0.287514,
        -0.543475,
        0.788651,
        2.830746,
        -0.004592,
        -0.822627,
        -0.568563,
        1.315527,
        0.0,
        0.0,
        0.0,
        1.0
    ],
    "15": [
        0.957657,
        -0.168024,
        0.233797,
        1.288782,
        -0.287873,
        -0.545379,
        0.787205,
        2.831371,
        -0.004761,
        -0.821176,
        -0.570655,
        1.315612,
        0.0,
        0.0,
        0.0,
        1.0
    ],
    "16": [
        0.957459,
        -0.168886,
        0.233988,
        1.288506,
        -0.288514,
        -0.5443,
        0.787717,
        2.831198,
        -0.005675,
        -0.821715,
        -0.56987,
        1.316456,
        0.0,
        0.0,
        0.0,
        1.0
    ],
    "17": [
        0.957582,
        -0.168019,
        0.234107,
        1.288314,
        -0.288104,
        -0.54221,
        0.789306,
        2.830725,
        -0.005683,
        -0.823273,
        -0.567618,
        1.315784,
        0.0,
        0.0,
        0.0,
        1.0
    ],
    "18": [
        0.957696,
        -0.16884,
        0.233049,
        1.288621,
        -0.287718,
        -0.544568,
        0.787823,
        2.83099,
        -0.006105,
        -0.821547,
        -0.570109,
        1.315415,
        0.0,
        0.0,
        0.0,
        1.0
    ],
    "19": [
        0.957441,
        -0.171275,
        0.232317,
        1.287579,
        -0.288525,
        -0.546363,
        0.786283,
        2.831019,
        -0.007741,
        -0.819849,
        -0.572528,
        1.315479,
        0.0,
        0.0,
        0.0,
        1.0
    ],
    "20": [
        0.956566,
        -0.175864,
        0.232494,
        1.283568,
        -0.291342,
        -0.549151,
        0.783297,
        2.835346,
        -0.010079,
        -0.81701,
        -0.576535,
        1.320268,
        0.0,
        0.0,
        0.0,
        1.0
    ],
    "21": [
        0.956825,
        -0.176381,
        0.23103,
        1.284676,
        -0.290397,
        -0.546085,
        0.785787,
        2.833981,
        -0.012436,
        -0.818951,
        -0.573728,
        1.319898,
        0.0,
        0.0,
        0.0,
        1.0
    ],
    "22": [
        0.956626,
        -0.176301,
        0.231915,
        1.284331,
        -0.291048,
        -0.544094,
        0.786927,
        2.833688,
        -0.012552,
        -0.820293,
        -0.571806,
        1.319723,
        0.0,
        0.0,
        0.0,
        1.0
    ],
    "23": [
        0.956352,
        -0.176777,
        0.232683,
        1.284007,
        -0.291952,
        -0.544024,
        0.78664,
        2.833918,
        -0.012475,
        -0.820237,
        -0.571889,
        1.319867,
        0.0,
        0.0,
        0.0,
        1.0
    ],
    "24": [
        0.956353,
        -0.178281,
        0.231528,
        1.284385,
        -0.291881,
        -0.544947,
        0.786028,
        2.833615,
        -0.013964,
        -0.819298,
        -0.573198,
        1.319685,
        0.0,
        0.0,
        0.0,
        1.0
    ],
    "25": [
        0.956387,
        -0.179027,
        0.230811,
        1.283207,
        -0.291749,
        -0.54653,
        0.784977,
        2.83333,
        -0.014387,
        -0.81808,
        -0.574925,
        1.318841,
        0.0,
        0.0,
        0.0,
        1.0
    ],
    "26": [
        0.956251,
        -0.179027,
        0.231374,
        1.280658,
        -0.292227,
        -0.547478,
        0.784137,
        2.832434,
        -0.01371,
        -0.817445,
        -0.575843,
        1.316641,
        0.0,
        0.0,
        0.0,
        1.0
    ],
    "27": [
        0.956106,
        -0.180128,
        0.231119,
        1.280388,
        -0.292696,
        -0.549875,
        0.782283,
        2.832516,
        -0.013825,
        -0.815593,
        -0.578461,
        1.316327,
        0.0,
        0.0,
        0.0,
        1.0
    ],
    "28": [
        0.955537,
        -0.183519,
        0.230802,
        1.280168,
        -0.294486,
        -0.553902,
        0.778763,
        2.833022,
        -0.015076,
        -0.812104,
        -0.583318,
        1.315371,
        0.0,
        0.0,
        0.0,
        1.0
    ],
    "29": [
        0.954684,
        -0.188214,
        0.230553,
        1.27854,
        -0.297149,
        -0.559077,
        0.774039,
        2.833488,
        -0.016788,
        -0.807471,
        -0.589669,
        1.314779,
        0.0,
        0.0,
        0.0,
        1.0
    ],
    "30": [
        0.954027,
        -0.195,
        0.227615,
        1.282282,
        -0.299028,
        -0.56759,
        0.767088,
        2.837732,
        -0.02039,
        -0.799885,
        -0.599807,
        1.320055,
        0.0,
        0.0,
        0.0,
        1.0
    ],
    "31": [
        0.952796,
        -0.199201,
        0.229129,
        1.279587,
        -0.302885,
        -0.571417,
        0.762721,
        2.836929,
        -0.021007,
        -0.796117,
        -0.604778,
        1.317165,
        0.0,
        0.0,
        0.0,
        1.0
    ],
    "32": [
        0.951659,
        -0.204813,
        0.228905,
        1.279953,
        -0.306329,
        -0.578131,
        0.756259,
        2.836417,
        -0.022555,
        -0.78982,
        -0.612924,
        1.31451,
        0.0,
        0.0,
        0.0,
        1.0
    ],
    "33": [
        0.949264,
        -0.210772,
        0.233396,
        1.275417,
        -0.313774,
        -0.584996,
        0.747881,
        2.836754,
        -0.021097,
        -0.78317,
        -0.62145,
        1.310334,
        0.0,
        0.0,
        0.0,
        1.0
    ],
    "34": [
        0.947102,
        -0.214597,
        0.238635,
        1.27181,
        -0.320386,
        -0.588781,
        0.742085,
        2.836066,
        -0.018746,
        -0.779285,
        -0.626389,
        1.306625,
        0.0,
        0.0,
        0.0,
        1.0
    ],
    "35": [
        0.945077,
        -0.217422,
        0.244045,
        1.269739,
        -0.326465,
        -0.591753,
        0.737055,
        2.835682,
        -0.015837,
        -0.776245,
        -0.630232,
        1.30327,
        0.0,
        0.0,
        0.0,
        1.0
    ],
    "36": [
        0.942647,
        -0.221216,
        0.249962,
        1.267371,
        -0.333554,
        -0.595948,
        0.730471,
        2.836024,
        -0.012627,
        -0.771952,
        -0.635556,
        1.299805,
        0.0,
        0.0,
        0.0,
        1.0
    ],
    "37": [
        0.940513,
        -0.224564,
        0.254963,
        1.265628,
        -0.339608,
        -0.599108,
        0.725076,
        2.835112,
        -0.010075,
        -0.768531,
        -0.639733,
        1.296472,
        0.0,
        0.0,
        0.0,
        1.0
    ],
    "38": [
        0.938038,
        -0.228785,
        0.260273,
        1.264979,
        -0.34643,
        -0.600838,
        0.720403,
        2.83484,
        -0.008436,
        -0.765931,
        -0.642867,
        1.294485,
        0.0,
        0.0,
        0.0,
        1.0
    ],
    "39": [
        0.935064,
        -0.233622,
        0.266601,
        1.262819,
        -0.354415,
        -0.601902,
        0.715614,
        2.834273,
        -0.006716,
        -0.763632,
        -0.645617,
        1.292148,
        0.0,
        0.0,
        0.0,
        1.0
    ],
    "40": [
        0.932711,
        -0.238018,
        0.27092,
        1.263571,
        -0.360558,
        -0.601046,
        0.713261,
        2.830873,
        -0.006934,
        -0.762949,
        -0.646421,
        1.287427,
        0.0,
        0.0,
        0.0,
        1.0
    ],
    "41": [
        0.930638,
        -0.242952,
        0.273654,
        1.264865,
        -0.365844,
        -0.600542,
        0.710991,
        2.828748,
        -0.008396,
        -0.76179,
        -0.64777,
        1.285692,
        0.0,
        0.0,
        0.0,
        1.0
    ],
    "42": [
        0.929174,
        -0.246775,
        0.275204,
        1.264707,
        -0.369518,
        -0.600864,
        0.708816,
        2.825607,
        -0.009557,
        -0.760306,
        -0.649495,
        1.283334,
        0.0,
        0.0,
        0.0,
        1.0
    ],
    "43": [
        0.928199,
        -0.250238,
        0.27537,
        1.264406,
        -0.371921,
        -0.601969,
        0.706617,
        2.822714,
        -0.011059,
        -0.758297,
        -0.651816,
        1.282081,
        0.0,
        0.0,
        0.0,
        1.0
    ],
    "44": [
        0.927603,
        -0.253999,
        0.273929,
        1.264774,
        -0.373328,
        -0.604028,
        0.704115,
        2.82096,
        -0.013384,
        -0.755404,
        -0.655123,
        1.283335,
        0.0,
        0.0,
        0.0,
        1.0
    ],
    "45": [
        0.927735,
        -0.254715,
        0.272814,
        1.264601,
        -0.372939,
        -0.603312,
        0.704934,
        2.815909,
        -0.014966,
        -0.755735,
        -0.654707,
        1.281899,
        0.0,
        0.0,
        0.0,
        1.0
    ],
    "46": [
        0.927994,
        -0.253605,
        0.27297,
        1.263847,
        -0.372304,
        -0.602141,
        0.706269,
        2.811244,
        -0.014747,
        -0.757041,
        -0.653201,
        1.280921,
        0.0,
        0.0,
        0.0,
        1.0
    ],
    "47": [
        0.927928,
        -0.253705,
        0.2731,
        1.264418,
        -0.372443,
        -0.60078,
        0.707354,
        2.805888,
        -0.015386,
        -0.758088,
        -0.651971,
        1.2798,
        0.0,
        0.0,
        0.0,
        1.0
    ],
    "48": [
        0.927606,
        -0.254174,
        0.273758,
        1.262877,
        -0.37326,
        -0.601236,
        0.706536,
        2.801369,
        -0.01499,
        -0.75757,
        -0.652582,
        1.278752,
        0.0,
        0.0,
        0.0,
        1.0
    ],
    "49": [
        0.928605,
        -0.254399,
        0.270137,
        1.264361,
        -0.370718,
        -0.604348,
        0.705217,
        2.795444,
        -0.016149,
        -0.755013,
        -0.655511,
        1.277408,
        0.0,
        0.0,
        0.0,
        1.0
    ],
    "50": [
        0.929744,
        -0.253428,
        0.267113,
        1.262168,
        -0.367821,
        -0.606091,
        0.705239,
        2.785746,
        -0.016833,
        -0.753942,
        -0.656726,
        1.272032,
        0.0,
        0.0,
        0.0,
        1.0
    ],
    "51": [
        0.932332,
        -0.250713,
        0.260578,
        1.263636,
        -0.36117,
        -0.610347,
        0.705006,
        2.777685,
        -0.017711,
        -0.751412,
        -0.659596,
        1.271174,
        0.0,
        0.0,
        0.0,
        1.0
    ],
    "52": [
        0.935075,
        -0.246738,
        0.254471,
        1.26378,
        -0.353937,
        -0.611327,
        0.70782,
        2.76982,
        -0.01908,
        -0.751931,
        -0.658966,
        1.271764,
        0.0,
        0.0,
        0.0,
        1.0
    ],
    "53": [
        0.939173,
        -0.237498,
        0.248092,
        1.263797,
        -0.342989,
        -0.611367,
        0.713154,
        2.759556,
        -0.017697,
        -0.754867,
        -0.655639,
        1.272035,
        0.0,
        0.0,
        0.0,
        1.0
    ],
    "54": [
        0.942607,
        -0.22997,
        0.242087,
        1.265413,
        -0.333485,
        -0.61204,
        0.717074,
        2.749344,
        -0.016739,
        -0.756651,
        -0.653605,
        1.271449,
        0.0,
        0.0,
        0.0,
        1.0
    ],
    "55": [
        0.946293,
        -0.223209,
        0.233897,
        1.266491,
        -0.322829,
        -0.612843,
        0.721253,
        2.737039,
        -0.017648,
        -0.758025,
        -0.651987,
        1.270511,
        0.0,
        0.0,
        0.0,
        1.0
    ],
    "56": [
        0.950066,
        -0.218131,
        0.223146,
        1.269099,
        -0.311306,
        -0.613178,
        0.726017,
        2.725426,
        -0.021538,
        -0.759231,
        -0.650465,
        1.271258,
        0.0,
        0.0,
        0.0,
        1.0
    ],
    "57": [
        0.954294,
        -0.211382,
        0.211282,
        1.270656,
        -0.297773,
        -0.612009,
        0.73265,
        2.711814,
        -0.025562,
        -0.762078,
        -0.646981,
        1.270512,
        0.0,
        0.0,
        0.0,
        1.0
    ],
    "58": [
        0.961984,
        -0.196023,
        0.19016,
        1.272005,
        -0.271676,
        -0.615724,
        0.739646,
        2.686152,
        -0.027902,
        -0.76319,
        -0.645571,
        1.269807,
        0.0,
        0.0,
        0.0,
        1.0
    ],
    "59": [
        0.965251,
        -0.185684,
        0.183883,
        1.272472,
        -0.260235,
        -0.618738,
        0.741243,
        2.673388,
        -0.023861,
        -0.763338,
        -0.645559,
        1.267938,
        0.0,
        0.0,
        0.0,
        1.0
    ],
    "60": [
        0.967616,
        -0.175692,
        0.181251,
        1.27212,
        -0.251816,
        -0.621921,
        0.741487,
        2.661106,
        -0.017549,
        -0.763116,
        -0.646023,
        1.264916,
        0.0,
        0.0,
        0.0,
        1.0
    ],
    "61": [
        0.969248,
        -0.167527,
        0.18026,
        1.273606,
        -0.245857,
        -0.627511,
        0.738773,
        2.651706,
        -0.010649,
        -0.760372,
        -0.649401,
        1.265745,
        0.0,
        0.0,
        0.0,
        1.0
    ],
    "62": [
        0.969884,
        -0.16331,
        0.180707,
        1.272354,
        -0.243459,
        -0.627831,
        0.739295,
        2.640659,
        -0.00728,
        -0.761025,
        -0.648682,
        1.264369,
        0.0,
        0.0,
        0.0,
        1.0
    ],
    "63": [
        0.970642,
        -0.161811,
        0.177965,
        1.272938,
        -0.240392,
        -0.627563,
        0.740525,
        2.630465,
        -0.008141,
        -0.761566,
        -0.648036,
        1.264605,
        0.0,
        0.0,
        0.0,
        1.0
    ],
    "64": [
        0.971367,
        -0.161946,
        0.173841,
        1.272176,
        -0.237344,
        -0.628411,
        0.740788,
        2.621709,
        -0.010725,
        -0.760837,
        -0.648855,
        1.26469,
        0.0,
        0.0,
        0.0,
        1.0
    ],
    "65": [
        0.972511,
        -0.160951,
        0.168278,
        1.271874,
        -0.232498,
        -0.630972,
        0.740149,
        2.612233,
        -0.012949,
        -0.758927,
        -0.651047,
        1.263096,
        0.0,
        0.0,
        0.0,
        1.0
    ],
    "66": [
        0.97364,
        -0.158103,
        0.164406,
        1.272204,
        -0.227804,
        -0.63779,
        0.735751,
        2.605695,
        -0.011468,
        -0.753809,
        -0.656994,
        1.263867,
        0.0,
        0.0,
        0.0,
        1.0
    ],
    "67": [
        0.974452,
        -0.155507,
        0.162056,
        1.272471,
        -0.22435,
        -0.640009,
        0.734885,
        2.598317,
        -0.010563,
        -0.752467,
        -0.658545,
        1.263793,
        0.0,
        0.0,
        0.0,
        1.0
    ],
    "68": [
        0.975245,
        -0.154661,
        0.158041,
        1.272955,
        -0.220756,
        -0.639588,
        0.736338,
        2.59204,
        -0.012802,
        -0.752999,
        -0.657897,
        1.264708,
        0.0,
        0.0,
        0.0,
        1.0
    ],
    "69": [
        0.97586,
        -0.154493,
        0.154368,
        1.271697,
        -0.217838,
        -0.637992,
        0.738588,
        2.58509,
        -0.015621,
        -0.754386,
        -0.656245,
        1.264015,
        0.0,
        0.0,
        0.0,
        1.0
    ],
    "70": [
        0.975802,
        -0.156463,
        0.152739,
        1.267293,
        -0.217907,
        -0.638139,
        0.738441,
        2.580846,
        -0.01807,
        -0.753855,
        -0.656792,
        1.264518,
        0.0,
        0.0,
        0.0,
        1.0
    ],
    "71": [
        0.976423,
        -0.15713,
        0.148012,
        1.268384,
        -0.214734,
        -0.636951,
        0.740394,
        2.573384,
        -0.022062,
        -0.754721,
        -0.655675,
        1.26267,
        0.0,
        0.0,
        0.0,
        1.0
    ],
    "72": [
        0.97634,
        -0.158913,
        0.146656,
        1.265694,
        -0.214878,
        -0.636854,
        0.740435,
        2.568689,
        -0.024267,
        -0.754429,
        -0.655933,
        1.261742,
        0.0,
        0.0,
        0.0,
        1.0
    ],
    "73": [
        0.976664,
        -0.159649,
        0.143663,
        1.265943,
        -0.213094,
        -0.636883,
        0.740925,
        2.564273,
        -0.026792,
        -0.754249,
        -0.656042,
        1.26132,
        0.0,
        0.0,
        0.0,
        1.0
    ],
    "74": [
        0.976642,
        -0.159886,
        0.143554,
        1.264297,
        -0.213152,
        -0.636468,
        0.741266,
        2.560825,
        -0.027151,
        -0.75455,
        -0.655681,
        1.260623,
        0.0,
        0.0,
        0.0,
        1.0
    ],
    "75": [
        0.976287,
        -0.160878,
        0.144852,
        1.262581,
        -0.214787,
        -0.636315,
        0.740925,
        2.557388,
        -0.027027,
        -0.754467,
        -0.655781,
        1.259701,
        0.0,
        0.0,
        0.0,
        1.0
    ],
    "76": [
        0.975671,
        -0.162187,
        0.147518,
        1.260609,
        -0.217708,
        -0.637303,
        0.739222,
        2.554999,
        -0.025879,
        -0.753353,
        -0.657107,
        1.259088,
        0.0,
        0.0,
        0.0,
        1.0
    ],
    "77": [
        0.974991,
        -0.163474,
        0.150561,
        1.259477,
        -0.220884,
        -0.637947,
        0.737722,
        2.553314,
        -0.024548,
        -0.752529,
        -0.658101,
        1.26095,
        0.0,
        0.0,
        0.0,
        1.0
    ],
    "78": [
        0.97451,
        -0.164083,
        0.152997,
        1.259604,
        -0.223075,
        -0.636204,
        0.738568,
        2.551624,
        -0.023849,
        -0.753871,
        -0.65659,
        1.264011,
        0.0,
        0.0,
        0.0,
        1.0
    ],
    "79": [
        0.972518,
        -0.162937,
        0.166314,
        1.255094,
        -0.232198,
        -0.626234,
        0.744255,
        2.547696,
        -0.017115,
        -0.762419,
        -0.646857,
        1.269284,
        0.0,
        0.0,
        0.0,
        1.0
    ],
    "80": [
        0.970777,
        -0.16228,
        0.176796,
        1.249251,
        -0.239644,
        -0.61638,
        0.750097,
        2.541503,
        -0.012752,
        -0.770545,
        -0.637257,
        1.266231,
        0.0,
        0.0,
        0.0,
        1.0
    ],
    "81": [
        0.969036,
        -0.162941,
        0.185523,
        1.246513,
        -0.246765,
        -0.612581,
        0.7509,
        2.541933,
        -0.008705,
        -0.77343,
        -0.633822,
        1.270113,
        0.0,
        0.0,
        0.0,
        1.0
    ],
    "82": [
        0.967182,
        -0.163186,
        0.194756,
        1.243997,
        -0.254046,
        -0.607508,
        0.752592,
        2.539684,
        -0.004497,
        -0.77737,
        -0.629027,
        1.27064,
        0.0,
        0.0,
        0.0,
        1.0
    ],
    "83": [
        0.964393,
        -0.164989,
        0.206699,
        1.238875,
        -0.264472,
        -0.60286,
        0.752738,
        2.538385,
        0.000417,
        -0.780601,
        -0.625029,
        1.271744,
        0.0,
        0.0,
        0.0,
        1.0
    ],
    "84": [
        0.961428,
        -0.167569,
        0.218124,
        1.234137,
        -0.275018,
        -0.599285,
        0.751813,
        2.53699,
        0.004738,
        -0.782801,
        -0.622254,
        1.272597,
        0.0,
        0.0,
        0.0,
        1.0
    ],
    "85": [
        0.958073,
        -0.171765,
        0.229331,
        1.228937,
        -0.286408,
        -0.596879,
        0.749471,
        2.536902,
        0.00815,
        -0.78373,
        -0.621048,
        1.274027,
        0.0,
        0.0,
        0.0,
        1.0
    ],
    "86": [
        0.955225,
        -0.174274,
        0.239108,
        1.226778,
        -0.295682,
        -0.591772,
        0.749919,
        2.535697,
        0.010806,
        -0.787042,
        -0.616805,
        1.276562,
        0.0,
        0.0,
        0.0,
        1.0
    ],
    "87": [
        0.95108,
        -0.179774,
        0.251252,
        1.22024,
        -0.308723,
        -0.583815,
        0.7509,
        2.534663,
        0.011692,
        -0.791733,
        -0.610755,
        1.276937,
        0.0,
        0.0,
        0.0,
        1.0
    ],
    "88": [
        0.947386,
        -0.185048,
        0.261185,
        1.214885,
        -0.319895,
        -0.576085,
        0.752192,
        2.530833,
        0.011273,
        -0.796168,
        -0.604971,
        1.273684,
        0.0,
        0.0,
        0.0,
        1.0
    ],
    "89": [
        0.943894,
        -0.190812,
        0.269544,
        1.21023,
        -0.330071,
        -0.571739,
        0.751111,
        2.530942,
        0.010788,
        -0.797938,
        -0.602643,
        1.274244,
        0.0,
        0.0,
        0.0,
        1.0
    ],
    "90": [
        0.940204,
        -0.198307,
        0.276932,
        1.211133,
        -0.340496,
        -0.568532,
        0.748889,
        2.53365,
        0.008935,
        -0.798402,
        -0.602058,
        1.282669,
        0.0,
        0.0,
        0.0,
        1.0
    ],
    "91": [
        0.935754,
        -0.201662,
        0.289304,
        1.206118,
        -0.352478,
        -0.560721,
        0.749234,
        2.533098,
        0.011127,
        -0.803072,
        -0.595778,
        1.28042,
        0.0,
        0.0,
        0.0,
        1.0
    ],
    "92": [
        0.931556,
        -0.206945,
        0.298961,
        1.202331,
        -0.363425,
        -0.555332,
        0.748017,
        2.53124,
        0.011224,
        -0.805469,
        -0.592532,
        1.277578,
        0.0,
        0.0,
        0.0,
        1.0
    ],
    "93": [
        0.928391,
        -0.209729,
        0.306763,
        1.198381,
        -0.371381,
        -0.552281,
        0.746366,
        2.530516,
        0.012886,
        -0.806845,
        -0.590622,
        1.274002,
        0.0,
        0.0,
        0.0,
        1.0
    ],
    "94": [
        0.925143,
        -0.210525,
        0.315896,
        1.192547,
        -0.379237,
        -0.549885,
        0.744182,
        2.52958,
        0.017037,
        -0.808273,
        -0.588561,
        1.268146,
        0.0,
        0.0,
        0.0,
        1.0
    ],
    "95": [
        0.922069,
        -0.208482,
        0.326075,
        1.187507,
        -0.386286,
        -0.547858,
        0.742048,
        2.529197,
        0.023939,
        -0.810177,
        -0.585697,
        1.263976,
        0.0,
        0.0,
        0.0,
        1.0
    ],
    "96": [
        0.918267,
        -0.20723,
        0.337404,
        1.181989,
        -0.394805,
        -0.544285,
        0.740191,
        2.526669,
        0.030255,
        -0.812902,
        -0.581614,
        1.257361,
        0.0,
        0.0,
        0.0,
        1.0
    ],
    "97": [
        0.915464,
        -0.207321,
        0.344883,
        1.177661,
        -0.400821,
        -0.545684,
        0.735916,
        2.525873,
        0.035626,
        -0.81194,
        -0.582653,
        1.251409,
        0.0,
        0.0,
        0.0,
        1.0
    ],
    "98": [
        0.914128,
        -0.204141,
        0.350281,
        1.173947,
        -0.403175,
        -0.548637,
        0.732426,
        2.523575,
        0.042659,
        -0.810755,
        -0.583829,
        1.242707,
        0.0,
        0.0,
        0.0,
        1.0
    ],
    "99": [
        0.912756,
        -0.202389,
        0.354845,
        1.170461,
        -0.405517,
        -0.553777,
        0.727246,
        2.52271,
        0.049319,
        -0.807694,
        -0.587535,
        1.236188,
        0.0,
        0.0,
        0.0,
        1.0
    ],
    "100": [
        0.912516,
        -0.201132,
        0.356176,
        1.167685,
        -0.405531,
        -0.558695,
        0.723467,
        2.519169,
        0.053481,
        -0.804615,
        -0.591383,
        1.226805,
        0.0,
        0.0,
        0.0,
        1.0
    ],
    "101": [
        0.913329,
        -0.199031,
        0.35527,
        1.165422,
        -0.403216,
        -0.56409,
        0.720569,
        2.515307,
        0.056989,
        -0.801367,
        -0.595452,
        1.216813,
        0.0,
        0.0,
        0.0,
        1.0
    ],
    "102": [
        0.91348,
        -0.198497,
        0.35518,
        1.161305,
        -0.402356,
        -0.570544,
        0.715954,
        2.513562,
        0.060531,
        -0.796918,
        -0.601047,
        1.208704,
        0.0,
        0.0,
        0.0,
        1.0
    ],
    "103": [
        0.914135,
        -0.199019,
        0.353199,
        1.15905,
        -0.400563,
        -0.577711,
        0.711195,
        2.510894,
        0.062506,
        -0.791607,
        -0.607825,
        1.200666,
        0.0,
        0.0,
        0.0,
        1.0
    ],
    "104": [
        0.914169,
        -0.200469,
        0.352288,
        1.155083,
        -0.400129,
        -0.585139,
        0.705343,
        2.510932,
        0.064738,
        -0.785764,
        -0.61513,
        1.197891,
        0.0,
        0.0,
        0.0,
        1.0
    ],
    "105": [
        0.915602,
        -0.196277,
        0.350925,
        1.154336,
        -0.396348,
        -0.587489,
        0.705524,
        2.506648,
        0.067686,
        -0.785068,
        -0.6157,
        1.191015,
        0.0,
        0.0,
        0.0,
        1.0
    ],
    "106": [
        0.91484,
        -0.194461,
        0.353911,
        1.151538,
        -0.397196,
        -0.59138,
        0.701788,
        2.505695,
        0.072826,
        -0.782595,
        -0.618257,
        1.189001,
        0.0,
        0.0,
        0.0,
        1.0
    ],
    "107": [
        0.913826,
        -0.192322,
        0.357678,
        1.149428,
        -0.39883,
        -0.590972,
        0.701204,
        2.503258,
        0.076521,
        -0.783431,
        -0.61675,
        1.186848,
        0.0,
        0.0,
        0.0,
        1.0
    ],
    "108": [
        0.913089,
        -0.190029,
        0.360773,
        1.149433,
        -0.400026,
        -0.588958,
        0.702216,
        2.498933,
        0.079039,
        -0.785504,
        -0.613788,
        1.183614,
        0.0,
        0.0,
        0.0,
        1.0
    ],
    "109": [
        0.910762,
        -0.190612,
        0.366306,
        1.149099,
        -0.40459,
        -0.589332,
        0.699282,
        2.497761,
        0.082584,
        -0.785083,
        -0.613861,
        1.182421,
        0.0,
        0.0,
        0.0,
        1.0
    ],
    "110": [
        0.906381,
        -0.190827,
        0.376906,
        1.14471,
        -0.413239,
        -0.585874,
        0.697127,
        2.493666,
        0.087789,
        -0.787615,
        -0.609882,
        1.175966,
        0.0,
        0.0,
        0.0,
        1.0
    ],
    "111": [
        0.902107,
        -0.194817,
        0.385032,
        1.144502,
        -0.422215,
        -0.582738,
        0.694371,
        2.495292,
        0.089097,
        -0.788963,
        -0.607947,
        1.181018,
        0.0,
        0.0,
        0.0,
        1.0
    ],
    "112": [
        0.899189,
        -0.196739,
        0.390837,
        1.146522,
        -0.428702,
        -0.57495,
        0.696885,
        2.492204,
        0.087608,
        -0.794183,
        -0.60133,
        1.18297,
        0.0,
        0.0,
        0.0,
        1.0
    ],
    "113": [
        0.895115,
        -0.199357,
        0.39878,
        1.14568,
        -0.43721,
        -0.567599,
        0.697624,
        2.492631,
        0.087271,
        -0.798804,
        -0.595227,
        1.188426,
        0.0,
        0.0,
        0.0,
        1.0
    ],
    "114": [
        0.890922,
        -0.201014,
        0.407249,
        1.144868,
        -0.445726,
        -0.558985,
        0.699188,
        2.49402,
        0.087099,
        -0.804443,
        -0.587609,
        1.194296,
        0.0,
        0.0,
        0.0,
        1.0
    ],
    "115": [
        0.887712,
        -0.200526,
        0.414434,
        1.144777,
        -0.452226,
        -0.548632,
        0.703203,
        2.491763,
        0.086362,
        -0.81166,
        -0.577711,
        1.196266,
        0.0,
        0.0,
        0.0,
        1.0
    ],
    "116": [
        0.884455,
        -0.202586,
        0.420355,
        1.146017,
        -0.458932,
        -0.540558,
        0.705109,
        2.490523,
        0.084381,
        -0.816552,
        -0.571072,
        1.199142,
        0.0,
        0.0,
        0.0,
        1.0
    ],
    "117": [
        0.88036,
        -0.206072,
        0.4272,
        1.146777,
        -0.466997,
        -0.534101,
        0.704734,
        2.491917,
        0.082942,
        -0.819921,
        -0.566436,
        1.202458,
        0.0,
        0.0,
        0.0,
        1.0
    ],
    "118": [
        0.876211,
        -0.209345,
        0.434084,
        1.147631,
        -0.474864,
        -0.528692,
        0.703555,
        2.490913,
        0.082211,
        -0.822593,
        -0.562656,
        1.203394,
        0.0,
        0.0,
        0.0,
        1.0
    ],
    "119": [
        0.87069,
        -0.212384,
        0.443612,
        1.145144,
        -0.484581,
        -0.52474,
        0.699878,
        2.492445,
        0.084138,
        -0.824343,
        -0.559803,
        1.202892,
        0.0,
        0.0,
        0.0,
        1.0
    ],
    "120": [
        0.867863,
        -0.212863,
        0.448891,
        1.152319,
        -0.488787,
        -0.527516,
        0.694848,
        2.494172,
        0.08889,
        -0.822445,
        -0.561857,
        1.207673,
        0.0,
        0.0,
        0.0,
        1.0
    ],
    "121": [
        0.862205,
        -0.213599,
        0.459324,
        1.152147,
        -0.497475,
        -0.528001,
        0.688283,
        2.498476,
        0.095508,
        -0.821943,
        -0.561505,
        1.211117,
        0.0,
        0.0,
        0.0,
        1.0
    ],
    "122": [
        0.856652,
        -0.217252,
        0.46792,
        1.152098,
        -0.506582,
        -0.525794,
        0.683312,
        2.500747,
        0.097579,
        -0.8224,
        -0.560478,
        1.213353,
        0.0,
        0.0,
        0.0,
        1.0
    ],
    "123": [
        0.852936,
        -0.220726,
        0.473055,
        1.152924,
        -0.512733,
        -0.524372,
        0.679808,
        2.50282,
        0.098005,
        -0.822384,
        -0.560429,
        1.215441,
        0.0,
        0.0,
        0.0,
        1.0
    ],
    "124": [
        0.848654,
        -0.225567,
        0.478441,
        1.153834,
        -0.51988,
        -0.522476,
        0.675828,
        2.505167,
        0.097529,
        -0.822276,
        -0.560669,
        1.21885,
        0.0,
        0.0,
        0.0,
        1.0
    ],
    "125": [
        0.844588,
        -0.230865,
        0.483086,
        1.155356,
        -0.527124,
        -0.516717,
        0.674643,
        2.506558,
        0.093868,
        -0.824442,
        -0.558108,
        1.221583,
        0.0,
        0.0,
        0.0,
        1.0
    ],
    "126": [
        0.839246,
        -0.235367,
        0.490172,
        1.154019,
        -0.536144,
        -0.508467,
        0.673804,
        2.507885,
        0.090645,
        -0.82829,
        -0.55292,
        1.223004,
        0.0,
        0.0,
        0.0,
        1.0
    ],
    "127": [
        0.834255,
        -0.238183,
        0.497279,
        1.154705,
        -0.544133,
        -0.501368,
        0.672718,
        2.509684,
        0.08909,
        -0.831805,
        -0.547872,
        1.226205,
        0.0,
        0.0,
        0.0,
        1.0
    ],
    "128": [
        0.827978,
        -0.24112,
        0.506274,
        1.155096,
        -0.553774,
        -0.493653,
        0.670553,
        2.511734,
        0.088239,
        -0.835564,
        -0.54226,
        1.228621,
        0.0,
        0.0,
        0.0,
        1.0
    ],
    "129": [
        0.821148,
        -0.243858,
        0.515994,
        1.154686,
        -0.56389,
        -0.486075,
        0.667652,
        2.512585,
        0.088,
        -0.839205,
        -0.536649,
        1.229182,
        0.0,
        0.0,
        0.0,
        1.0
    ],
    "130": [
        0.813897,
        -0.249735,
        0.5246,
        1.158409,
        -0.574419,
        -0.481476,
        0.661985,
        2.513413,
        0.087262,
        -0.840127,
        -0.535324,
        1.232082,
        0.0,
        0.0,
        0.0,
        1.0
    ],
    "131": [
        0.806601,
        -0.25358,
        0.533939,
        1.157432,
        -0.584486,
        -0.476869,
        0.656485,
        2.513654,
        0.088148,
        -0.841602,
        -0.532857,
        1.230188,
        0.0,
        0.0,
        0.0,
        1.0
    ],
    "132": [
        0.802365,
        -0.258085,
        0.538148,
        1.158645,
        -0.590412,
        -0.475143,
        0.65242,
        2.513244,
        0.087317,
        -0.841208,
        -0.533615,
        1.229173,
        0.0,
        0.0,
        0.0,
        1.0
    ],
    "133": [
        0.79882,
        -0.262714,
        0.541173,
        1.158173,
        -0.595234,
        -0.475407,
        0.647831,
        2.514727,
        0.087083,
        -0.839625,
        -0.536141,
        1.228576,
        0.0,
        0.0,
        0.0,
        1.0
    ],
    "134": [
        0.795689,
        -0.266987,
        0.543688,
        1.15718,
        -0.59936,
        -0.476641,
        0.643103,
        2.516592,
        0.087444,
        -0.837575,
        -0.539279,
        1.22678,
        0.0,
        0.0,
        0.0,
        1.0
    ],
    "135": [
        0.79416,
        -0.269759,
        0.544555,
        1.156792,
        -0.601116,
        -0.480338,
        0.638698,
        2.515876,
        0.089276,
        -0.834569,
        -0.543621,
        1.223182,
        0.0,
        0.0,
        0.0,
        1.0
    ],
    "136": [
        0.792839,
        -0.274479,
        0.544122,
        1.156991,
        -0.602625,
        -0.486165,
        0.63284,
        2.51755,
        0.090832,
        -0.829641,
        -0.550858,
        1.22162,
        0.0,
        0.0,
        0.0,
        1.0
    ],
    "137": [
        0.791146,
        -0.27669,
        0.545463,
        1.155799,
        -0.604434,
        -0.490064,
        0.628089,
        2.51883,
        0.093526,
